0.0
2200.0
8285.0
8743.0
9317.0
10249.0
10787.0
11942.0
11972.0
12933.0
13083.0
14871.0
15435.0
16339.0
17057.0
17069.0
17300.0
17497.0
18615.0
18746.0
18902.0
19080.0
20534.0
21055.0
22130.0
23354.0
0.0
2540.0
8148.0
8522.0
8689.0
9086.0
10329.0
10680.0
12533.0
14279.0
15281.0
15959.0
16069.0
16070.0
16752.0
17087.0
17280.0
18235.0
18499.0
18745.0
20068.0
20198.0
20231.0
20876.0
22039.0
23178.0
0.0
2540.0
8148.0
8522.0
8689.0
9086.0
10329.0
10680.0
12533.0
14279.0
15281.0
15959.0
16069.0
16070.0
16752.0
17087.0
17280.0
18235.0
18499.0
18745.0
20068.0
20198.0
20231.0
20876.0
22039.0
23178.0
0.0
2567.0
8207.0
8831.0
9162.0
9371.0
10668.0
10727.0
12641.0
14528.0
15959.0
15965.0
16026.0
16460.0
16658.0
17280.0
17767.0
18362.0
18502.0
18718.0
18744.0
20231.0
20723.0
20876.0
22039.0
23249.0
0.0
2567.0
8202.0
8831.0
9162.0
9371.0
10668.0
10727.0
12641.0
14522.0
15959.0
15965.0
16026.0
16460.0
16658.0
17280.0
17767.0
18362.0
18502.0
18718.0
18753.0
20140.0
20723.0
20870.0
22039.0
23249.0
0.0
2486.0
8770.0
8973.0
9867.0
10580.0
11018.0
11332.0
12423.0
13975.0
15503.0
15959.0
16042.0
16187.0
16830.0
17280.0
17322.0
18278.0
18534.0
18772.0
18977.0
20003.0
20444.0
20838.0
22034.0
23038.0
0.0
2486.0
8769.0
8973.0
9867.0
10600.0
11018.0
11332.0
12423.0
13975.0
15502.0
15863.0
16042.0
16187.0
16830.0
17280.0
17322.0
18278.0
18534.0
18771.0
18977.0
20003.0
20444.0
20804.0
22013.0
23038.0
0.0
2520.0
8610.0
9919.0
10493.0
10663.0
11000.0
12483.0
12625.0
13578.0
15491.0
15714.0
16032.0
16165.0
16347.0
16885.0
17280.0
18217.0
18763.0
18842.0
19443.0
19624.0
20331.0
20718.0
21935.0
22870.0
0.0
2520.0
8610.0
9919.0
10493.0
10663.0
10996.0
12483.0
12625.0
13578.0
15491.0
15606.0
16032.0
16165.0
16347.0
16885.0
17280.0
18217.0
18763.0
18842.0
19443.0
19620.0
20331.0
20668.0
21912.0
22870.0
0.0
2408.0
8510.0
10364.0
10864.0
11060.0
11405.0
12642.0
12866.0
14180.0
14848.0
15151.0
15468.0
16154.0
16315.0
17037.0
17250.0
18677.0
18687.0
19138.0
19301.0
19356.0
20035.0
20564.0
21812.0
22780.0
0.0
2408.0
8510.0
10391.0
10864.0
11060.0
11405.0
12642.0
12866.0
14180.0
14848.0
15151.0
15418.0
16154.0
16315.0
17037.0
17250.0
18657.0
18687.0
19138.0
19301.0
19356.0
20035.0
20564.0
21812.0
22780.0
0.0
2672.0
8546.0
10467.0
10689.0
11336.0
11522.0
12798.0
13087.0
13515.0
13771.0
15418.0
15854.0
16565.0
16840.0
17036.0
17250.0
18648.0
18954.0
19303.0
19306.0
19320.0
20543.0
21019.0
21920.0
22794.0
0.0
2672.0
8546.0
10467.0
10669.0
11336.0
11522.0
12798.0
13087.0
13515.0
13771.0
15331.0
15854.0
16565.0
16840.0
17036.0
17250.0
18648.0
18954.0
19303.0
19320.0
19391.0
20543.0
21019.0
22003.0
22794.0
0.0
2390.0
8297.0
10362.0
10901.0
12410.0
12515.0
12753.0
13167.0
13820.0
14840.0
15010.0
15168.0
15777.0
16582.0
17094.0
17305.0
18519.0
18715.0
18833.0
19193.0
19411.0
20163.0
20300.0
21560.0
23045.0
0.0
2390.0
8297.0
10362.0
10901.0
12410.0
12515.0
12753.0
13167.0
13820.0
14840.0
15010.0
15243.0
15777.0
16582.0
17094.0
17342.0
18533.0
18737.0
18833.0
19193.0
19411.0
20163.0
20300.0
21585.0
23045.0
0.0
2555.0
8145.0
10523.0
10537.0
11747.0
12238.0
12262.0
12309.0
12589.0
13051.0
15061.0
15372.0
15508.0
15742.0
16914.0
17384.0
18494.0
18529.0
18738.0
18981.0
19253.0
19411.0
20565.0
21667.0
22987.0
0.0
2555.0
8145.0
10523.0
10537.0
11747.0
12238.0
12262.0
12309.0
12589.0
13051.0
15061.0
15211.0
15508.0
15742.0
16914.0
17386.0
18494.0
18529.0
18738.0
18981.0
19253.0
19411.0
20643.0
21622.0
22987.0
0.0
3509.0
7704.0
10800.0
10883.0
11042.0
12640.0
13068.0
14911.0
15135.0
15865.0
16240.0
16440.0
16448.0
16541.0
16922.0
17405.0
17839.0
17876.0
18374.0
18850.0
19299.0
19386.0
19912.0
20674.0
22269.0
0.0
3509.0
7704.0
10800.0
10883.0
11042.0
12640.0
13068.0
14911.0
15135.0
15865.0
16240.0
16440.0
16448.0
16541.0
16922.0
17405.0
17839.0
17876.0
18374.0
18850.0
19299.0
19386.0
19912.0
20674.0
22269.0
0.0
6421.0
7715.0
8274.0
10716.0
11024.0
12577.0
12591.0
14670.0
14911.0
14927.0
15548.0
16751.0
17119.0
17445.0
17732.0
17792.0
18374.0
18377.0
18398.0
19018.0
19152.0
19370.0
19882.0
20081.0
20434.0
0.0
6421.0
7715.0
8274.0
10716.0
11024.0
12577.0
12591.0
14670.0
14911.0
14927.0
15548.0
16751.0
17119.0
17445.0
17732.0
17792.0
18374.0
18377.0
18398.0
19018.0
19152.0
19370.0
19882.0
20081.0
20434.0
0.0
6918.0
7918.0
8244.0
8610.0
9711.0
9976.0
10240.0
11664.0
11996.0
12930.0
14825.0
14966.0
15798.0
16335.0
16475.0
17451.0
17838.0
18455.0
18493.0
18515.0
19040.0
19576.0
19686.0
21424.0
21808.0
0.0
6918.0
7918.0
8244.0
8610.0
9682.0
9976.0
10241.0
11664.0
11996.0
12930.0
14825.0
14961.0
15798.0
16335.0
16475.0
17486.0
17839.0
18455.0
18493.0
18515.0
19034.0
19576.0
19686.0
21415.0
21779.0
0.0
7494.0
7769.0
8230.0
8543.0
9370.0
9656.0
10210.0
11679.0
11959.0
12972.0
14848.0
14910.0
15822.0
16335.0
17047.0
17528.0
17877.0
18393.0
18515.0
18537.0
18888.0
19219.0
19585.0
21384.0
21710.0
0.0
7494.0
7769.0
8230.0
8543.0
9370.0
9661.0
10210.0
11679.0
11959.0
12972.0
14848.0
14910.0
15822.0
16335.0
17047.0
17528.0
17877.0
18393.0
18515.0
18537.0
18807.0
19219.0
19585.0
21375.0
21671.0
0.0
7746.0
8342.0
8531.0
8673.0
8690.0
9252.0
10521.0
11699.0
12223.0
13290.0
14759.0
14825.0
16266.0
16290.0
17432.0
17609.0
17811.0
18136.0
18494.0
18585.0
18833.0
19148.0
19760.0
21356.0
21519.0
0.0
7746.0
8342.0
8531.0
8673.0
8690.0
9252.0
10521.0
11699.0
12223.0
13290.0
14759.0
14825.0
16266.0
16290.0
17432.0
17609.0
17811.0
18136.0
18494.0
18585.0
18833.0
19148.0
19760.0
21358.0
21519.0
0.0
7147.0
7272.0
8368.0
8555.0
8730.0
9645.0
10073.0
11518.0
12444.0
12485.0
14756.0
15612.0
15727.0
15741.0
16572.0
17282.0
17811.0
18496.0
18557.0
18657.0
19123.0
19147.0
19918.0
21461.0
21882.0
0.0
7147.0
7272.0
8368.0
8555.0
8730.0
9645.0
10073.0
11518.0
12444.0
12485.0
14756.0
15612.0
15727.0
15741.0
16572.0
17282.0
17811.0
18496.0
18557.0
18657.0
19123.0
19147.0
19918.0
21461.0
21882.0
0.0
5036.0
7919.0
8543.0
10591.0
11677.0
11692.0
12235.0
12416.0
12945.0
14893.0
15595.0
15598.0
15821.0
16717.0
16802.0
17401.0
18545.0
18607.0
18831.0
19287.0
19386.0
20490.0
20697.0
21166.0
21540.0
0.0
5036.0
7919.0
8518.0
10591.0
11670.0
11692.0
12216.0
12416.0
12945.0
14893.0
15554.0
15598.0
15821.0
16717.0
16802.0
17401.0
18544.0
18607.0
18831.0
19287.0
19386.0
20490.0
20663.0
21166.0
21540.0
0.0
5935.0
7500.0
8437.0
10450.0
11657.0
11662.0
12214.0
12403.0
12794.0
15205.0
15484.0
15696.0
15798.0
16711.0
16973.0
17401.0
18562.0
18831.0
18898.0
19192.0
19348.0
20490.0
20594.0
21360.0
21560.0
0.0
5935.0
7500.0
8437.0
10450.0
11657.0
11662.0
12219.0
12403.0
12794.0
15205.0
15444.0
15696.0
15798.0
16711.0
16973.0
17401.0
18575.0
18831.0
18898.0
19192.0
19348.0
20490.0
20594.0
21360.0
21560.0
0.0
6527.0
7263.0
8317.0
10234.0
11433.0
12174.0
12231.0
12399.0
12709.0
14491.0
15388.0
15836.0
16449.0
16814.0
16944.0
17345.0
18575.0
18671.0
18817.0
19016.0
19356.0
20148.0
20363.0
21294.0
21560.0
0.0
6527.0
7263.0
8317.0
10234.0
11433.0
12174.0
12231.0
12399.0
12709.0
14491.0
15269.0
15836.0
16449.0
16814.0
16944.0
17268.0
18575.0
18612.0
18817.0
19016.0
19356.0
20148.0
20356.0
21294.0
21560.0
0.0
6199.0
7176.0
9099.0
11072.0
12691.0
13025.0
13067.0
13960.0
14635.0
14944.0
15214.0
15302.0
16407.0
17153.0
17555.0
17716.0
17760.0
18394.0
18521.0
19171.0
19400.0
19827.0
21135.0
21253.0
21754.0
0.0
6199.0
7176.0
9099.0
11072.0
12691.0
13025.0
13067.0
13960.0
14635.0
14880.0
15214.0
15302.0
16407.0
17153.0
17555.0
17716.0
17760.0
18375.0
18521.0
19171.0
19400.0
19827.0
21135.0
21253.0
21754.0
0.0
6572.0
6934.0
10692.0
11991.0
12986.0
13253.0
13481.0
13743.0
13833.0
14390.0
14773.0
15401.0
15444.0
15990.0
16244.0
16402.0
17033.0
18385.0
18543.0
19365.0
19434.0
19707.0
21251.0
21311.0
22978.0
0.0
6572.0
6934.0
10692.0
11991.0
12986.0
13253.0
13481.0
13743.0
13833.0
14390.0
14839.0
15401.0
15444.0
15990.0
16244.0
16402.0
17037.0
18385.0
18543.0
19365.0
19434.0
19707.0
21254.0
21311.0
22978.0
0.0
6366.0
7096.0
10977.0
11820.0
12599.0
12908.0
13021.0
13098.0
13574.0
14441.0
14977.0
15151.0
15371.0
16036.0
16484.0
16617.0
16925.0
18526.0
19001.0
19267.0
19517.0
21172.0
21441.0
21692.0
21908.0
0.0
6366.0
7096.0
10977.0
11820.0
12599.0
12908.0
13021.0
13098.0
13574.0
14441.0
14977.0
15151.0
15371.0
16036.0
16484.0
16617.0
16919.0
18526.0
19001.0
19267.0
19517.0
21172.0
21441.0
21705.0
21908.0
0.0
5609.0
6909.0
8425.0
10579.0
12354.0
12791.0
13077.0
13137.0
13546.0
14151.0
15036.0
15499.0
15799.0
16558.0
16976.0
18560.0
18918.0
19387.0
19590.0
19631.0
21708.0
21863.0
22127.0
22206.0
23400.0
0.0
5609.0
6909.0
8425.0
10579.0
12354.0
12791.0
13077.0
13137.0
13546.0
14151.0
15036.0
15499.0
15799.0
16558.0
16976.0
18560.0
18918.0
19387.0
19590.0
19631.0
21587.0
21863.0
22127.0
22206.0
23400.0
0.0
5202.0
5325.0
7691.0
10540.0
10702.0
12440.0
13800.0
13926.0
14914.0
15444.0
15743.0
16023.0
17011.0
17618.0
17681.0
18196.0
18375.0
19633.0
19661.0
19758.0
20189.0
22040.0
22655.0
22792.0
23346.0
0.0
5202.0
5325.0
7691.0
10541.0
10702.0
12440.0
13800.0
13926.0
14914.0
15395.0
15743.0
16049.0
17011.0
17523.0
17681.0
18196.0
18377.0
19633.0
19661.0
19758.0
20183.0
22040.0
22655.0
22792.0
23357.0
0.0
4959.0
5376.0
7108.0
10428.0
11675.0
12462.0
13965.0
13997.0
14694.0
15528.0
15981.0
16058.0
16919.0
17539.0
17648.0
17948.0
18370.0
18700.0
19637.0
19793.0
20128.0
22091.0
22238.0
22714.0
23328.0
0.0
4959.0
5376.0
7108.0
10428.0
11675.0
12462.0
13965.0
13997.0
14694.0
15452.0
15981.0
16098.0
16919.0
17454.0
17648.0
17948.0
18370.0
18700.0
19637.0
19793.0
20042.0
22091.0
22238.0
22714.0
23328.0
0.0
4989.0
5415.0
7872.0
10017.0
10092.0
12934.0
13856.0
14055.0
14220.0
15312.0
16212.0
16269.0
17090.0
17211.0
17648.0
17668.0
18362.0
19532.0
19792.0
19889.0
20528.0
21776.0
22618.0
22729.0
23374.0
0.0
4989.0
5415.0
7872.0
10017.0
10092.0
12934.0
13856.0
14055.0
14220.0
15294.0
16212.0
16284.0
17090.0
17214.0
17648.0
17668.0
18363.0
19506.0
19792.0
19909.0
20528.0
21776.0
22618.0
22727.0
23374.0
0.0
5173.0
5551.0
7865.0
9157.0
9815.0
12791.0
13363.0
13534.0
13832.0
15297.0
16140.0
16211.0
17146.0
17479.0
17578.0
17686.0
18366.0
19477.0
19748.0
20042.0
20718.0
21801.0
22474.0
22713.0
23369.0
0.0
5173.0
5551.0
7865.0
9157.0
9815.0
12791.0
13363.0
13534.0
13832.0
15280.0
16140.0
16211.0
17146.0
17480.0
17578.0
17686.0
18366.0
19477.0
19748.0
20052.0
20718.0
21801.0
22474.0
22713.0
23369.0
0.0
5316.0
5348.0
7654.0
7980.0
9905.0
12338.0
12869.0
13415.0
13946.0
15354.0
15799.0
16211.0
17132.0
17451.0
17802.0
17972.0
18414.0
19638.0
19733.0
20288.0
20495.0
21986.0
22473.0
22751.0
23350.0
0.0
5316.0
5348.0
7654.0
7980.0
9905.0
12338.0
12869.0
13415.0
13946.0
15340.0
15799.0
16202.0
17132.0
17451.0
17802.0
17963.0
18413.0
19638.0
19733.0
20288.0
20497.0
21986.0
22520.0
22751.0
23354.0
0.0
5267.0
5346.0
7642.0
8344.0
9749.0
13329.0
13730.0
14334.0
14340.0
15258.0
16180.0
16428.0
16970.0
17149.0
17279.0
17589.0
18385.0
19439.0
19746.0
19894.0
20810.0
21681.0
22519.0
22754.0
23364.0
0.0
5267.0
5346.0
7642.0
8344.0
9749.0
13329.0
13730.0
14334.0
14340.0
15258.0
16180.0
16428.0
16970.0
17149.0
17279.0
17589.0
18385.0
19439.0
19746.0
19894.0
20810.0
21681.0
22519.0
22754.0
23372.0
0.0
5457.0
5459.0
9120.0
9162.0
9292.0
13855.0
14581.0
14671.0
15481.0
15823.0
16079.0
16401.0
16627.0
16726.0
17222.0
17890.0
18274.0
18380.0
19120.0
20360.0
20431.0
21302.0
21880.0
22370.0
23418.0
0.0
5457.0
5459.0
9120.0
9162.0
9292.0
13855.0
14581.0
14671.0
15481.0
15823.0
16079.0
16401.0
16627.0
16726.0
17222.0
17890.0
18274.0
18380.0
19120.0
20360.0
20431.0
21302.0
21880.0
22370.0
23418.0
0.0
5294.0
6000.0
7744.0
8470.0
10919.0
13841.0
14159.0
14351.0
15256.0
15585.0
15797.0
15843.0
16708.0
17037.0
17175.0
18248.0
19298.0
19397.0
19418.0
19861.0
21051.0
21087.0
21238.0
22405.0
23355.0
0.0
5294.0
6000.0
7744.0
8470.0
10919.0
13841.0
14159.0
14351.0
15256.0
15585.0
15797.0
15843.0
16708.0
16972.0
17173.0
18248.0
19298.0
19397.0
19427.0
19861.0
21051.0
21087.0
21238.0
22405.0
23355.0
0.0
5322.0
5635.0
6908.0
9991.0
10594.0
14187.0
14490.0
14552.0
14624.0
14897.0
15906.0
16363.0
16534.0
16564.0
16748.0
16867.0
17904.0
18212.0
18394.0
19676.0
21075.0
21083.0
21469.0
22536.0
23421.0
0.0
5322.0
5635.0
6908.0
9991.0
10594.0
14187.0
14490.0
14552.0
14624.0
14883.0
15823.0
16363.0
16534.0
16564.0
16671.0
16870.0
17904.0
18212.0
18394.0
19676.0
21075.0
21083.0
21469.0
22536.0
23421.0
0.0
5155.0
5541.0
7569.0
8032.0
12331.0
13852.0
13962.0
14421.0
14443.0
14824.0
15549.0
15868.0
16491.0
16568.0
16598.0
16814.0
16837.0
17348.0
18296.0
19870.0
20852.0
21185.0
21669.0
21701.0
23452.0
0.0
5158.0
5541.0
7569.0
8032.0
12331.0
13852.0
13963.0
14344.0
14440.0
14790.0
15549.0
15868.0
16501.0
16568.0
16598.0
16825.0
16845.0
17348.0
18280.0
19870.0
20880.0
21198.0
21669.0
21701.0
23452.0
0.0
5377.0
5524.0
8296.0
8371.0
11502.0
13486.0
14005.0
14319.0
14407.0
14887.0
15629.0
16595.0
16697.0
16853.0
16960.0
17098.0
17141.0
18138.0
19812.0
20774.0
20957.0
21182.0
21601.0
22338.0
23422.0
0.0
5377.0
5524.0
8296.0
8371.0
11502.0
13486.0
14005.0
14319.0
14407.0
14817.0
15687.0
16595.0
16677.0
16853.0
16960.0
17141.0
17156.0
18137.0
19812.0
20774.0
20957.0
21182.0
21601.0
22338.0
23415.0
0.0
5404.0
5560.0
7849.0
9494.0
10867.0
14120.0
14414.0
14643.0
14666.0
14713.0
15807.0
16575.0
16644.0
16837.0
17054.0
17265.0
17446.0
18397.0
19904.0
21091.0
21227.0
21576.0
22505.0
22990.0
23416.0
0.0
5404.0
5560.0
7849.0
9494.0
10867.0
14120.0
14414.0
14643.0
14666.0
14713.0
15807.0
16575.0
16644.0
16837.0
17054.0
17348.0
17446.0
18397.0
19904.0
21091.0
21227.0
21576.0
22505.0
22990.0
23414.0
0.0
5499.0
5547.0
8384.0
8570.0
10547.0
14269.0
14311.0
14311.0
14343.0
14673.0
15690.0
16583.0
16724.0
16818.0
16837.0
17348.0
18418.0
18560.0
19935.0
21098.0
21172.0
21574.0
22683.0
23285.0
23425.0
0.0
5499.0
5547.0
8384.0
8570.0
10566.0
14269.0
14311.0
14311.0
14343.0
14673.0
15690.0
16630.0
16724.0
16818.0
16837.0
17348.0
18418.0
18560.0
19935.0
21098.0
21172.0
21574.0
22683.0
23285.0
23425.0
0.0
5708.0
6308.0
8010.0
9041.0
11253.0
13970.0
14650.0
14717.0
14773.0
15202.0
16111.0
16766.0
16904.0
16918.0
17545.0
18152.0
18744.0
19654.0
20393.0
21001.0
21102.0
21252.0
21645.0
22430.0
23390.0
0.0
5708.0
6308.0
7987.0
9041.0
11253.0
13970.0
14650.0
14717.0
14773.0
15202.0
16111.0
16664.0
16904.0
16918.0
17545.0
18152.0
18744.0
19654.0
20393.0
21001.0
21102.0
21252.0
21645.0
22430.0
23395.0
0.0
5610.0
6673.0
7669.0
10109.0
11693.0
14041.0
14086.0
14220.0
14969.0
15234.0
16043.0
16261.0
16909.0
17003.0
17251.0
18070.0
19089.0
19457.0
19661.0
20964.0
21011.0
21411.0
21670.0
22320.0
23282.0
0.0
5610.0
6673.0
7669.0
10109.0
11693.0
14041.0
14086.0
14220.0
14969.0
15234.0
16043.0
16261.0
16844.0
17003.0
17251.0
18070.0
19089.0
19457.0
19661.0
20964.0
21011.0
21411.0
21670.0
22320.0
23282.0
0.0
5669.0
6425.0
8811.0
9863.0
10426.0
13773.0
14116.0
14463.0
14775.0
15159.0
15727.0
16724.0
16757.0
16824.0
16956.0
18131.0
18188.0
19077.0
19672.0
20710.0
21115.0
21231.0
21401.0
22443.0
23356.0
0.0
5669.0
6425.0
8811.0
9863.0
10426.0
13773.0
14116.0
14463.0
14775.0
15159.0
15727.0
16724.0
16757.0
16824.0
16929.0
18131.0
18188.0
19077.0
19672.0
20710.0
21115.0
21231.0
21401.0
22443.0
23356.0
0.0
5719.0
6302.0
8544.0
9850.0
9966.0
14245.0
14361.0
14466.0
14478.0
14889.0
15543.0
16558.0
16651.0
16838.0
16975.0
17667.0
18319.0
19576.0
19825.0
19972.0
21162.0
21235.0
21595.0
22640.0
23393.0
0.0
5719.0
6302.0
8544.0
9843.0
9966.0
14245.0
14361.0
14466.0
14478.0
14889.0
15543.0
16558.0
16576.0
16776.0
16975.0
17667.0
18319.0
19576.0
19825.0
19972.0
21162.0
21235.0
21595.0
22640.0
23370.0
0.0
5494.0
6292.0
6413.0
9284.0
11516.0
13981.0
14408.0
14695.0
15031.0
15391.0
16172.0
16429.0
16613.0
16652.0
17054.0
18070.0
18316.0
18446.0
18940.0
19962.0
20990.0
21232.0
21693.0
22152.0
23344.0
0.0
5494.0
6292.0
6413.0
9284.0
11556.0
13981.0
14408.0
14598.0
15031.0
15391.0
16172.0
16429.0
16613.0
16653.0
17054.0
18070.0
18316.0
18553.0
18940.0
19962.0
20996.0
21232.0
21693.0
22152.0
23355.0
0.0
5575.0
6136.0
6207.0
9954.0
12133.0
13995.0
14211.0
14321.0
15088.0
15779.0
16059.0
16462.0
16508.0
16983.0
17059.0
17634.0
18267.0
18643.0
19785.0
19935.0
20960.0
21091.0
21488.0
21756.0
23355.0
0.0
5575.0
6136.0
6207.0
9954.0
12133.0
13995.0
14185.0
14321.0
15088.0
15784.0
16059.0
16505.0
16508.0
16983.0
17059.0
17634.0
18267.0
18612.0
19785.0
19935.0
20960.0
21091.0
21488.0
21756.0
23347.0
0.0
5687.0
5781.0
7139.0
10618.0
10776.0
13861.0
14023.0
14506.0
14721.0
16308.0
16479.0
16630.0
16815.0
16914.0
17522.0
17692.0
18358.0
18554.0
19875.0
21257.0
21263.0
21632.0
21657.0
22367.0
23315.0
0.0
5687.0
5781.0
7139.0
10600.0
10776.0
13861.0
14023.0
14483.0
14721.0
16308.0
16479.0
16630.0
16805.0
16914.0
17522.0
17692.0
18347.0
18522.0
19875.0
21257.0
21263.0
21632.0
21657.0
22350.0
23315.0
0.0
5717.0
6056.0
8365.0
10610.0
10712.0
13040.0
13820.0
14861.0
15346.0
15464.0
15479.0
16467.0
16738.0
16899.0
17387.0
18297.0
18406.0
18435.0
20425.0
21223.0
21484.0
21556.0
21703.0
22284.0
23355.0
0.0
5739.0
6057.0
8365.0
10610.0
10712.0
13046.0
13820.0
14861.0
15346.0
15410.0
15479.0
16535.0
16768.0
16899.0
17387.0
18297.0
18406.0
18433.0
20439.0
21223.0
21509.0
21518.0
21703.0
22284.0
23339.0
0.0
5656.0
6550.0
9643.0
9645.0
10303.0
12909.0
14023.0
14307.0
14441.0
15054.0
16024.0
16395.0
16787.0
17081.0
17832.0
18134.0
18142.0
18158.0
20880.0
21243.0
21614.0
21670.0
21942.0
22639.0
23398.0
0.0
5667.0
6550.0
9645.0
9665.0
10276.0
12937.0
14023.0
14277.0
14441.0
15065.0
16027.0
16410.0
16781.0
17081.0
17832.0
18114.0
18123.0
18134.0
20880.0
21264.0
21614.0
21670.0
21942.0
22639.0
23398.0
0.0
5678.0
6726.0
8288.0
8333.0
8744.0
12740.0
12961.0
14677.0
15180.0
15684.0
16382.0
16812.0
17217.0
17496.0
17604.0
18024.0
18296.0
18646.0
19737.0
20379.0
21813.0
21881.0
21994.0
23208.0
23439.0
0.0
5678.0
6726.0
8252.0
8318.0
8744.0
12740.0
12968.0
14677.0
15180.0
15684.0
16382.0
16812.0
17188.0
17496.0
17604.0
18024.0
18296.0
18646.0
19737.0
20379.0
21809.0
21881.0
21994.0
23208.0
23439.0
0.0
7255.0
7272.0
9601.0
9800.0
10916.0
11403.0
12470.0
12721.0
12970.0
13247.0
14577.0
15427.0
15543.0
16375.0
16560.0
16623.0
17223.0
17806.0
18262.0
18895.0
21317.0
21653.0
21968.0
22224.0
22528.0
0.0
7255.0
7272.0
9601.0
9800.0
10916.0
11403.0
12470.0
12721.0
12970.0
13247.0
14577.0
15427.0
15543.0
16375.0
16560.0
16623.0
17223.0
17806.0
18262.0
18895.0
21317.0
21653.0
21968.0
22224.0
22528.0
0.0
7756.0
8913.0
9567.0
9955.0
11752.0
11799.0
12917.0
13965.0
14454.0
14721.0
14762.0
15463.0
16177.0
16423.0
16762.0
17375.0
17536.0
17572.0
17746.0
18106.0
18686.0
20341.0
21877.0
22834.0
23319.0
0.0
7756.0
8913.0
9567.0
9955.0
11752.0
11799.0
12917.0
13965.0
14454.0
14721.0
14762.0
15463.0
16177.0
16423.0
16762.0
17375.0
17536.0
17572.0
17746.0
18106.0
18686.0
20341.0
21877.0
22834.0
23311.0
0.0
6542.0
8574.0
10297.0
12072.0
12688.0
12691.0
12966.0
13072.0
13585.0
14281.0
14565.0
15401.0
15940.0
16088.0
16125.0
17246.0
18023.0
18166.0
18276.0
18823.0
19400.0
20396.0
22259.0
22300.0
23378.0
0.0
6561.0
8584.0
10297.0
12118.0
12688.0
12691.0
12970.0
13072.0
13585.0
14281.0
14565.0
15401.0
15940.0
16088.0
16125.0
17246.0
18023.0
18166.0
18276.0
18823.0
19400.0
20402.0
22265.0
22300.0
23378.0
0.0
6643.0
10581.0
11086.0
11661.0
12146.0
13525.0
13867.0
14041.0
14082.0
14423.0
15060.0
15167.0
16118.0
16449.0
16802.0
16898.0
17249.0
17361.0
17944.0
18330.0
18404.0
19175.0
21958.0
22730.0
22975.0
0.0
6643.0
10581.0
11086.0
11661.0
12146.0
13525.0
13867.0
14041.0
14082.0
14423.0
15060.0
15167.0
16118.0
16449.0
16802.0
16898.0
17249.0
17361.0
17944.0
18330.0
18404.0
19175.0
21958.0
22730.0
22975.0
0.0
8177.0
9127.0
10693.0
12778.0
12857.0
14136.0
14324.0
14353.0
14586.0
14650.0
14735.0
14921.0
15356.0
15505.0
16372.0
16889.0
17016.0
17469.0
17855.0
18245.0
18666.0
18753.0
19138.0
21618.0
22287.0
0.0
8177.0
9127.0
10693.0
12778.0
12857.0
14136.0
14324.0
14412.0
14586.0
14668.0
14749.0
14975.0
15356.0
15505.0
16372.0
16889.0
17016.0
17469.0
17865.0
18247.0
18666.0
18753.0
19138.0
21618.0
22287.0
0.0
6270.0
7801.0
8870.0
11343.0
11359.0
12819.0
13608.0
14515.0
14582.0
14680.0
14780.0
14827.0
15181.0
15858.0
16372.0
17187.0
17192.0
17865.0
18247.0
18552.0
19083.0
19121.0
20830.0
21818.0
22392.0
0.0
6270.0
7801.0
8870.0
11343.0
11359.0
12819.0
13608.0
14559.0
14586.0
14678.0
14780.0
14863.0
15181.0
15858.0
16344.0
17187.0
17192.0
17937.0
18273.0
18607.0
19066.0
19122.0
20830.0
21818.0
22392.0
0.0
4284.0
7613.0
9030.0
9858.0
11263.0
12398.0
13908.0
14653.0
14689.0
14709.0
15221.0
15328.0
16069.0
16278.0
16386.0
16606.0
17192.0
17947.0
18280.0
18371.0
19080.0
19473.0
21252.0
21959.0
22505.0
0.0
4284.0
7613.0
9030.0
9858.0
11263.0
12398.0
13908.0
14653.0
14689.0
14709.0
15221.0
15328.0
16069.0
16278.0
16386.0
16606.0
17192.0
17947.0
18278.0
18371.0
19123.0
19473.0
21252.0
21958.0
22505.0
0.0
3858.0
6574.0
8263.0
10127.0
12076.0
13594.0
14682.0
14721.0
14927.0
15380.0
15656.0
15722.0
15747.0
16022.0
16421.0
16564.0
17248.0
18215.0
18296.0
19036.0
19900.0
21502.0
22002.0
22013.0
22618.0
0.0
3858.0
6574.0
8263.0
10127.0
12076.0
13594.0
14676.0
14721.0
14927.0
15380.0
15656.0
15722.0
15747.0
16022.0
16439.0
16564.0
17248.0
18215.0
18296.0
19036.0
19900.0
21502.0
22002.0
22013.0
22618.0
0.0
5458.0
5675.0
8614.0
10267.0
12276.0
13616.0
14626.0
14761.0
15092.0
15273.0
15292.0
15550.0
15697.0
15878.0
16389.0
17109.0
17275.0
18215.0
18478.0
18951.0
19013.0
21928.0
21943.0
22041.0
22733.0
0.0
5458.0
5675.0
8614.0
10267.0
12276.0
13699.0
14633.0
14761.0
15093.0
15292.0
15365.0
15550.0
15697.0
15878.0
16386.0
17109.0
17275.0
18216.0
18478.0
18951.0
19013.0
21928.0
21943.0
22041.0
22733.0
0.0
5342.0
8980.0
9676.0
10929.0
12214.0
13927.0
14268.0
14601.0
15183.0
15244.0
15501.0
15604.0
15633.0
16386.0
16532.0
16757.0
17033.0
17347.0
18183.0
18478.0
18915.0
20913.0
21877.0
21958.0
22818.0
0.0
5342.0
8980.0
9676.0
10929.0
12214.0
13927.0
14330.0
14609.0
15183.0
15244.0
15501.0
15604.0
15666.0
16383.0
16532.0
16757.0
17088.0
17347.0
18198.0
18468.0
18924.0
20913.0
21879.0
21958.0
22818.0
0.0
5765.0
9458.0
10189.0
11013.0
12052.0
13963.0
14539.0
14566.0
15183.0
15484.0
15668.0
15703.0
16355.0
16364.0
16618.0
16684.0
16848.0
17427.0
18137.0
18408.0
18945.0
20050.0
21549.0
21840.0
22818.0
0.0
5765.0
9458.0
10189.0
11013.0
12052.0
13963.0
14539.0
14566.0
15156.0
15484.0
15668.0
15703.0
16337.0
16364.0
16618.0
16653.0
16848.0
17427.0
18074.0
18408.0
18945.0
20050.0
21549.0
21857.0
22818.0
0.0
5802.0
6607.0
9720.0
10571.0
10735.0
13680.0
14470.0
15067.0
15125.0
15536.0
15819.0
15852.0
16286.0
16601.0
17049.0
17234.0
17274.0
18024.0
18408.0
19078.0
19596.0
19851.0
21545.0
21930.0
22763.0
0.0
5802.0
6607.0
9720.0
10571.0
10735.0
13680.0
14521.0
15075.0
15125.0
15536.0
15819.0
15852.0
16257.0
16601.0
17049.0
17234.0
17274.0
17979.0
18408.0
19078.0
19596.0
19851.0
21545.0
21939.0
22763.0
0.0
5190.0
6010.0
9647.0
10520.0
13755.0
14556.0
15101.0
15166.0
15321.0
15692.0
15994.0
16085.0
16169.0
17057.0
17266.0
17294.0
17627.0
17904.0
18414.0
19119.0
19280.0
20915.0
20986.0
21997.0
22742.0
0.0
5190.0
6010.0
9647.0
10520.0
13755.0
14556.0
15101.0
15166.0
15311.0
15685.0
15994.0
16085.0
16144.0
17057.0
17266.0
17294.0
17627.0
17860.0
18414.0
19119.0
19280.0
20915.0
20986.0
21997.0
22742.0
0.0
5887.0
6926.0
9790.0
10551.0
14232.0
14405.0
15101.0
15130.0
15377.0
15870.0
16029.0
16421.0
17073.0
17111.0
17438.0
17514.0
17618.0
18248.0
18361.0
18414.0
18764.0
19010.0
19106.0
21718.0
22813.0
0.0
5887.0
6926.0
9790.0
10551.0
14232.0
14299.0
15098.0
15130.0
15377.0
15870.0
16074.0
16421.0
17073.0
17111.0
17438.0
17506.0
17514.0
18248.0
18361.0
18477.0
18764.0
19010.0
19106.0
21718.0
22813.0
0.0
5815.0
6026.0
10056.0
10712.0
14124.0
14195.0
14717.0
15095.0
15137.0
15475.0
15889.0
16168.0
16544.0
16816.0
16983.0
17377.0
17514.0
17702.0
17703.0
18628.0
18679.0
18844.0
19236.0
21158.0
22814.0
0.0
5793.0
6026.0
10056.0
10712.0
14105.0
14195.0
14717.0
15095.0
15137.0
15475.0
15889.0
16168.0
16536.0
16816.0
16983.0
17266.0
17514.0
17693.0
17702.0
18628.0
18679.0
18844.0
19236.0
21158.0
22814.0
0.0
5649.0
5786.0
10578.0
10791.0
14191.0
14270.0
14780.0
15089.0
15259.0
15740.0
15867.0
16170.0
16354.0
16801.0
16982.0
17361.0
17651.0
17750.0
17840.0
18566.0
18766.0
18853.0
19322.0
21283.0
22803.0
0.0
5649.0
5786.0
10578.0
10791.0
14191.0
14305.0
14780.0
15119.0
15259.0
15740.0
15867.0
16117.0
16354.0
16801.0
16982.0
17416.0
17651.0
17750.0
17840.0
18566.0
18766.0
18853.0
19322.0
21283.0
22803.0
0.0
5464.0
9874.0
10641.0
11441.0
14336.0
14528.0
14529.0
15139.0
15273.0
15568.0
15757.0
15939.0
16020.0
16673.0
16765.0
17092.0
17413.0
17416.0
17681.0
17739.0
18530.0
18552.0
18736.0
21391.0
22937.0
0.0
5464.0
9874.0
10641.0
11441.0
14336.0
14528.0
14529.0
15139.0
15273.0
15568.0
15757.0
15939.0
16007.0
16673.0
16765.0
17092.0
17413.0
17416.0
17681.0
17739.0
18530.0
18558.0
18736.0
21391.0
22937.0
0.0
5771.0
6858.0
9784.0
10030.0
14176.0
14315.0
14682.0
15112.0
15210.0
15583.0
15909.0
15956.0
16256.0
16463.0
16741.0
17302.0
17416.0
17522.0
17690.0
17717.0
17988.0
18402.0
18569.0
21517.0
23132.0
0.0
5760.0
6858.0
9820.0
9968.0
14176.0
14315.0
14668.0
15060.0
15210.0
15583.0
15816.0
15947.0
16256.0
16457.0
16698.0
17302.0
17416.0
17522.0
17594.0
17717.0
17988.0
18402.0
18574.0
21517.0
23132.0
0.0
5649.0
9142.0
9545.0
9912.0
14148.0
14628.0
15038.0
15199.0
15240.0
15580.0
15827.0
15981.0
16631.0
16799.0
16832.0
17141.0
17227.0
17663.0
17775.0
18270.0
18574.0
18588.0
18944.0
21329.0
23045.0
0.0
5649.0
9142.0
9545.0
9912.0
14158.0
14628.0
15038.0
15199.0
15240.0
15580.0
15827.0
16000.0
16631.0
16799.0
16832.0
17141.0
17190.0
17663.0
17775.0
18270.0
18574.0
18588.0
18944.0
21329.0
23045.0
0.0
5236.0
7333.0
9082.0
10522.0
14066.0
14115.0
14259.0
14840.0
14941.0
15249.0
15358.0
15428.0
16245.0
16662.0
17114.0
17392.0
17734.0
17856.0
17938.0
17973.0
18062.0
18500.0
18712.0
20880.0
23017.0
0.0
5210.0
7333.0
9082.0
10419.0
14075.0
14115.0
14259.0
14840.0
14941.0
15273.0
15358.0
15428.0
16340.0
16688.0
17088.0
17392.0
17734.0
17856.0
17938.0
17973.0
18062.0
18500.0
18752.0
20880.0
23017.0
0.0
5154.0
5576.0
9182.0
10614.0
12641.0
13441.0
14019.0
14351.0
14969.0
15331.0
15421.0
16577.0
16744.0
16772.0
17047.0
17087.0
17558.0
17896.0
18106.0
18244.0
18326.0
18804.0
19481.0
20540.0
22855.0
0.0
5154.0
5576.0
9182.0
10614.0
12641.0
13441.0
14019.0
14351.0
14969.0
15348.0
15421.0
16577.0
16744.0
16772.0
17043.0
17087.0
17558.0
17896.0
18106.0
18244.0
18326.0
18849.0
19481.0
20540.0
22855.0
0.0
5381.0
7046.0
10139.0
10332.0
11893.0
13538.0
14002.0
14224.0
14916.0
15348.0
15611.0
16639.0
16848.0
16905.0
17194.0
17610.0
17812.0
17941.0
18128.0
18218.0
18317.0
18849.0
20489.0
22597.0
22748.0
0.0
5381.0
7046.0
10139.0
10332.0
11894.0
13594.0
14011.0
14224.0
14916.0
15357.0
15669.0
16663.0
16847.0
16898.0
17187.0
17610.0
17812.0
17942.0
18135.0
18218.0
18317.0
18850.0
20517.0
22597.0
22748.0
0.0
5275.0
5954.0
10201.0
11004.0
11602.0
13451.0
13997.0
14431.0
14958.0
15318.0
15429.0
16675.0
16856.0
16894.0
17126.0
17658.0
17693.0
17950.0
18117.0
18487.0
18509.0
18924.0
20424.0
22666.0
23243.0
0.0
5275.0
5954.0
10201.0
11004.0
11602.0
13451.0
13997.0
14431.0
14958.0
15318.0
15429.0
16751.0
16814.0
16894.0
17126.0
17658.0
17693.0
17950.0
18117.0
18487.0
18509.0
18822.0
20424.0
22666.0
23243.0
0.0
3940.0
5300.0
8704.0
11288.0
12173.0
13568.0
13708.0
13948.0
13990.0
14310.0
14714.0
15267.0
16256.0
16618.0
17145.0
17206.0
17414.0
17627.0
17867.0
18299.0
18665.0
18688.0
20206.0
22427.0
22493.0
0.0
3940.0
5300.0
8704.0
11288.0
12173.0
13568.0
13708.0
13948.0
13999.0
14310.0
14714.0
15267.0
16256.0
16615.0
17145.0
17206.0
17414.0
17627.0
17867.0
18299.0
18665.0
18681.0
20206.0
22427.0
22493.0
0.0
5328.0
5763.0
6958.0
9595.0
11386.0
12091.0
12519.0
12962.0
14056.0
14357.0
14467.0
15163.0
15711.0
16471.0
16817.0
17008.0
17440.0
17597.0
17820.0
18309.0
18341.0
18350.0
19209.0
19792.0
22271.0
0.0
5328.0
5763.0
6958.0
9595.0
11384.0
12105.0
12519.0
12962.0
14056.0
14357.0
14467.0
15163.0
15722.0
16471.0
16817.0
17033.0
17440.0
17597.0
17845.0
18309.0
18341.0
18350.0
19196.0
19785.0
22271.0
0.0
5860.0
6143.0
6453.0
8670.0
10743.0
12058.0
12743.0
12763.0
14055.0
14389.0
14769.0
15163.0
15629.0
16393.0
16471.0
17001.0
17066.0
17464.0
17607.0
17912.0
18341.0
18549.0
19244.0
19707.0
22216.0
0.0
5860.0
6143.0
6453.0
8670.0
10743.0
12058.0
12743.0
12763.0
14056.0
14389.0
14769.0
15163.0
15629.0
16393.0
16471.0
17001.0
17056.0
17464.0
17607.0
17938.0
18341.0
18549.0
19244.0
19682.0
22216.0
0.0
5437.0
5931.0
8365.0
9617.0
11222.0
11613.0
12405.0
12918.0
14110.0
14402.0
14582.0
15222.0
15592.0
15803.0
16512.0
16704.0
16999.0
17336.0
17609.0
17863.0
18311.0
18429.0
19175.0
19691.0
22254.0
0.0
5437.0
5931.0
8365.0
9617.0
11222.0
11613.0
12405.0
12918.0
14110.0
14402.0
14582.0
15186.0
15592.0
15803.0
16557.0
16704.0
16999.0
17336.0
17609.0
17863.0
18311.0
18430.0
19175.0
19691.0
22254.0
0.0
4139.0
6260.0
10567.0
11220.0
11606.0
12089.0
12162.0
13289.0
13656.0
13917.0
14039.0
14542.0
15137.0
16007.0
16573.0
17205.0
17275.0
17347.0
17891.0
18013.0
18130.0
18680.0
18829.0
20025.0
22474.0
0.0
4139.0
6260.0
10567.0
11220.0
11606.0
12089.0
12162.0
13289.0
13656.0
13917.0
14067.0
14542.0
15137.0
16007.0
16567.0
17205.0
17275.0
17347.0
17891.0
18013.0
18130.0
18680.0
18829.0
20025.0
22474.0
0.0
6418.0
6592.0
7603.0
9677.0
9771.0
10605.0
12411.0
13211.0
13660.0
13691.0
14019.0
14591.0
15132.0
15867.0
16634.0
16640.0
17315.0
17321.0
17362.0
17928.0
18631.0
18661.0
18678.0
20461.0
22785.0
0.0
6418.0
6592.0
7603.0
9677.0
9771.0
10605.0
12411.0
13211.0
13660.0
13691.0
14019.0
14591.0
15132.0
15867.0
16640.0
16668.0
17315.0
17321.0
17362.0
17928.0
18631.0
18661.0
18678.0
20461.0
22785.0
0.0
3595.0
6563.0
7370.0
7514.0
8396.0
10520.0
12155.0
12628.0
13002.0
14015.0
14893.0
15039.0
15208.0
16385.0
16513.0
16668.0
16804.0
17366.0
17405.0
17514.0
18451.0
18895.0
19078.0
20294.0
22719.0
0.0
3595.0
6563.0
7370.0
7514.0
8396.0
10520.0
12155.0
12628.0
13002.0
14025.0
14900.0
15039.0
15208.0
16385.0
16513.0
16585.0
16804.0
17366.0
17405.0
17514.0
18463.0
18895.0
19078.0
20294.0
22719.0
0.0
3496.0
6311.0
6754.0
8461.0
10081.0
11705.0
11959.0
12549.0
13032.0
13612.0
14063.0
14651.0
14783.0
14930.0
16207.0
16449.0
16803.0
17085.0
17428.0
17605.0
18248.0
18800.0
19339.0
20051.0
22388.0
0.0
3496.0
6311.0
6754.0
8461.0
10081.0
11705.0
11959.0
12549.0
13032.0
13612.0
14067.0
14651.0
14783.0
14925.0
16175.0
16449.0
16837.0
17085.0
17432.0
17605.0
18237.0
18814.0
19339.0
20032.0
22388.0
0.0
3367.0
6114.0
6399.0
8628.0
11284.0
11347.0
11753.0
12778.0
13651.0
13965.0
14063.0
14415.0
14912.0
14915.0
16449.0
16495.0
16574.0
16982.0
17404.0
17505.0
18183.0
19195.0
19394.0
20031.0
22331.0
0.0
3367.0
6114.0
6399.0
8628.0
11284.0
11347.0
11753.0
12768.0
13630.0
13965.0
14064.0
14415.0
14895.0
14908.0
16449.0
16495.0
16574.0
16982.0
17404.0
17513.0
18168.0
19195.0
19394.0
20050.0
22331.0
0.0
3186.0
6196.0
6414.0
8343.0
11461.0
11503.0
13024.0
13144.0
14062.0
14656.0
14665.0
14775.0
15117.0
15377.0
16463.0
16473.0
16974.0
17305.0
17589.0
17702.0
18140.0
19287.0
19806.0
20331.0
22651.0
0.0
3133.0
6196.0
6414.0
8343.0
11461.0
11503.0
13024.0
13144.0
14060.0
14656.0
14665.0
14780.0
15117.0
15377.0
16463.0
16473.0
16974.0
17305.0
17589.0
17702.0
18040.0
19287.0
19806.0
20331.0
22651.0
0.0
3158.0
6070.0
6285.0
7887.0
10424.0
11069.0
12965.0
13505.0
14056.0
14323.0
14580.0
14754.0
16276.0
16449.0
16751.0
16890.0
17241.0
17606.0
17634.0
17781.0
18093.0
19385.0
20102.0
20304.0
22458.0
0.0
3158.0
6070.0
6285.0
7911.0
10424.0
11070.0
12965.0
13505.0
14056.0
14337.0
14580.0
14754.0
16276.0
16423.0
16751.0
16890.0
17241.0
17606.0
17656.0
17778.0
18093.0
19385.0
20102.0
20304.0
22458.0
0.0
3163.0
5655.0
6099.0
7001.0
10953.0
11331.0
13220.0
13964.0
14138.0
14221.0
14705.0
14818.0
15857.0
16362.0
16890.0
17155.0
17236.0
17428.0
18004.0
18209.0
18642.0
19475.0
20113.0
20341.0
22090.0
0.0
3163.0
5655.0
6099.0
7001.0
10953.0
11331.0
13220.0
13964.0
14221.0
14227.0
14677.0
14818.0
15857.0
16441.0
16890.0
17155.0
17236.0
17428.0
18033.0
18209.0
18642.0
19475.0
20113.0
20341.0
22090.0
0.0
4694.0
5869.0
6047.0
6229.0
10845.0
12689.0
13489.0
14041.0
14400.0
14595.0
15238.0
15812.0
16234.0
16443.0
16805.0
16811.0
17159.0
17190.0
18480.0
18706.0
19420.0
19503.0
19701.0
20660.0
21870.0
0.0
4694.0
5869.0
6047.0
6229.0
10823.0
12675.0
13489.0
14041.0
14440.0
14565.0
15119.0
15812.0
16205.0
16472.0
16797.0
16811.0
17158.0
17190.0
18480.0
18706.0
19420.0
19503.0
19676.0
20666.0
21871.0
0.0
5567.0
5722.0
7618.0
7761.0
10037.0
12927.0
13670.0
13931.0
14382.0
14660.0
15722.0
15781.0
15834.0
15981.0
16322.0
16470.0
16824.0
17390.0
18749.0
18809.0
19243.0
19498.0
19646.0
21264.0
21555.0
0.0
5567.0
5722.0
7618.0
7761.0
10037.0
12927.0
13670.0
13931.0
14382.0
14660.0
15722.0
15781.0
15834.0
15981.0
16322.0
16470.0
16824.0
17390.0
18749.0
18809.0
19243.0
19498.0
19646.0
21264.0
21555.0
0.0
4535.0
5366.0
5793.0
7348.0
9747.0
12748.0
13441.0
14137.0
14486.0
14811.0
15552.0
15579.0
15805.0
16038.0
16043.0
16218.0
16748.0
17211.0
17738.0
19161.0
19494.0
19538.0
19582.0
20711.0
21337.0
0.0
4535.0
5366.0
5793.0
7348.0
9747.0
12748.0
13441.0
14141.0
14523.0
14943.0
15552.0
15579.0
15805.0
16038.0
16043.0
16218.0
16748.0
17210.0
17738.0
19161.0
19538.0
19557.0
19582.0
20711.0
21373.0
0.0
3957.0
5520.0
5965.0
8953.0
9399.0
12748.0
13285.0
14186.0
14380.0
14526.0
14992.0
15471.0
15571.0
15985.0
16021.0
16418.0
16925.0
16985.0
17599.0
19400.0
19442.0
19621.0
19652.0
20600.0
21223.0
0.0
3957.0
5520.0
5965.0
8953.0
9399.0
12748.0
13285.0
14186.0
14380.0
14526.0
14992.0
15471.0
15571.0
15985.0
16021.0
16418.0
16925.0
16985.0
17599.0
19400.0
19442.0
19621.0
19652.0
20600.0
21223.0
0.0
5677.0
8186.0
8633.0
9652.0
10034.0
13079.0
13951.0
14317.0
14383.0
14708.0
15568.0
15877.0
16043.0
16373.0
16526.0
16558.0
16816.0
17806.0
18762.0
18776.0
19574.0
19684.0
19992.0
21463.0
21613.0
0.0
5677.0
8186.0
8633.0
9652.0
10034.0
13079.0
13974.0
14317.0
14383.0
14708.0
15568.0
15877.0
16043.0
16373.0
16551.0
16558.0
16816.0
17806.0
18711.0
18776.0
19587.0
19684.0
19992.0
21463.0
21619.0
0.0
5472.0
8770.0
8993.0
9823.0
13333.0
13873.0
14272.0
14380.0
14422.0
14708.0
15559.0
15894.0
16101.0
16373.0
16558.0
16651.0
16696.0
17843.0
18605.0
19046.0
19499.0
19592.0
19606.0
21590.0
21668.0
0.0
5472.0
8770.0
8993.0
9823.0
13346.0
13879.0
14272.0
14380.0
14450.0
14769.0
15559.0
15894.0
16101.0
16373.0
16558.0
16658.0
16666.0
17843.0
18605.0
19046.0
19499.0
19592.0
19627.0
21590.0
21666.0
0.0
5411.0
9545.0
9729.0
10916.0
13797.0
13841.0
13978.0
14363.0
14773.0
15522.0
15573.0
15591.0
15784.0
16165.0
16260.0
16558.0
16593.0
17052.0
18563.0
18803.0
19067.0
19626.0
19707.0
21248.0
21604.0
0.0
5411.0
9545.0
9729.0
10916.0
13797.0
13841.0
13978.0
14363.0
14773.0
15522.0
15573.0
15591.0
15784.0
16165.0
16211.0
16593.0
16647.0
17052.0
18563.0
18803.0
19067.0
19626.0
19707.0
21245.0
21604.0
0.0
5528.0
8869.0
9303.0
12111.0
13303.0
13799.0
14325.0
14532.0
14541.0
15200.0
15205.0
15249.0
15344.0
16015.0
16372.0
16456.0
16691.0
16708.0
18222.0
18678.0
19315.0
19667.0
19774.0
21151.0
21342.0
0.0
5528.0
8869.0
9303.0
12111.0
13303.0
13799.0
14325.0
14532.0
14575.0
15200.0
15205.0
15249.0
15344.0
16015.0
16372.0
16423.0
16691.0
16708.0
18222.0
18678.0
19315.0
19667.0
19774.0
21147.0
21365.0
0.0
5832.0
8165.0
9054.0
12070.0
12878.0
13498.0
13533.0
13579.0
13939.0
14701.0
14727.0
14808.0
15545.0
15586.0
15662.0
16616.0
17422.0
17652.0
18125.0
18824.0
19457.0
19663.0
19984.0
21087.0
21163.0
0.0
5832.0
8165.0
9054.0
12070.0
12878.0
13498.0
13533.0
13579.0
13939.0
14700.0
14727.0
14808.0
15545.0
15586.0
15662.0
16616.0
17422.0
17652.0
18125.0
18824.0
19457.0
19663.0
19984.0
21087.0
21163.0
0.0
6011.0
8873.0
10050.0
11006.0
12027.0
12573.0
12732.0
12900.0
14462.0
14488.0
14630.0
14711.0
15221.0
15476.0
15817.0
16924.0
17851.0
18068.0
18370.0
18620.0
18625.0
18766.0
19958.0
20043.0
21203.0
0.0
6011.0
8873.0
10050.0
11006.0
12027.0
12573.0
12732.0
12900.0
14462.0
14488.0
14630.0
14685.0
15221.0
15476.0
15883.0
16924.0
17851.0
18068.0
18370.0
18620.0
18682.0
18765.0
19956.0
20043.0
21203.0
0.0
5878.0
10088.0
11352.0
12100.0
12574.0
12646.0
12908.0
12970.0
14581.0
14626.0
14949.0
15221.0
15422.0
15601.0
15903.0
16602.0
17700.0
18015.0
18082.0
18370.0
18748.0
18933.0
19004.0
19928.0
21188.0
0.0
5878.0
10088.0
11352.0
12100.0
12574.0
12646.0
12908.0
12970.0
14545.0
14626.0
14949.0
15220.0
15422.0
15601.0
15903.0
16602.0
17700.0
18015.0
18082.0
18361.0
18748.0
18933.0
19007.0
19946.0
21243.0
0.0
5466.0
9781.0
12255.0
12306.0
12687.0
13182.0
13321.0
14341.0
14366.0
15147.0
15160.0
15309.0
15870.0
16042.0
16126.0
16724.0
17773.0
17972.0
18056.0
18264.0
19230.0
19298.0
19450.0
19945.0
21161.0
0.0
5466.0
9781.0
12255.0
12306.0
12687.0
13182.0
13321.0
14341.0
14366.0
15147.0
15200.0
15311.0
15866.0
16042.0
16126.0
16724.0
17773.0
17972.0
18056.0
18184.0
19230.0
19298.0
19451.0
19946.0
21161.0
0.0
5162.0
9529.0
12186.0
12499.0
12828.0
13243.0
13498.0
14247.0
14341.0
15201.0
15219.0
15268.0
15834.0
15849.0
16710.0
17617.0
17961.0
18019.0
18251.0
19287.0
19390.0
19589.0
20022.0
20062.0
21138.0
0.0
5143.0
9529.0
12186.0
12499.0
12828.0
13243.0
13498.0
14247.0
14341.0
15219.0
15221.0
15268.0
15849.0
15850.0
16710.0
17617.0
17961.0
18096.0
18251.0
19287.0
19390.0
19589.0
20022.0
20116.0
21138.0
0.0
5079.0
10072.0
12186.0
12614.0
12949.0
13319.0
13497.0
14341.0
14449.0
15064.0
15467.0
15686.0
15698.0
15999.0
16907.0
17594.0
17994.0
18143.0
18217.0
18300.0
18992.0
19449.0
19943.0
20269.0
21240.0
0.0
5079.0
10072.0
12186.0
12614.0
12949.0
13319.0
13497.0
14341.0
14449.0
15064.0
15465.0
15686.0
15698.0
15999.0
16907.0
17594.0
17994.0
18143.0
18217.0
18300.0
18992.0
19449.0
19943.0
20269.0
21240.0
0.0
4188.0
13701.0
13821.0
13990.0
14110.0
14646.0
14727.0
15014.0
15103.0
15130.0
15263.0
15932.0
16543.0
16544.0
17725.0
17870.0
18500.0
18953.0
19055.0
19071.0
19166.0
19408.0
19903.0
21518.0
21816.0
0.0
4188.0
13701.0
13821.0
13990.0
14110.0
14568.0
14646.0
15014.0
15103.0
15130.0
15263.0
15992.0
16543.0
16544.0
17648.0
17870.0
18500.0
18953.0
19055.0
19071.0
19166.0
19408.0
19889.0
21518.0
21816.0
0.0
4284.0
8066.0
12867.0
13692.0
13762.0
13915.0
14315.0
14399.0
15171.0
15244.0
15985.0
16131.0
16592.0
17246.0
17492.0
17657.0
18393.0
18479.0
19007.0
19444.0
19833.0
19895.0
19946.0
21021.0
21654.0
0.0
4284.0
8066.0
12867.0
13692.0
13762.0
13915.0
14321.0
14399.0
15171.0
15244.0
15985.0
16131.0
16592.0
17246.0
17492.0
17657.0
18393.0
18479.0
19007.0
19444.0
19833.0
19895.0
19946.0
21021.0
21654.0
0.0
4451.0
11248.0
13274.0
13692.0
14066.0
14149.0
14415.0
14706.0
14739.0
15129.0
15461.0
15828.0
16250.0
17180.0
17491.0
18029.0
18507.0
18835.0
18894.0
19153.0
19769.0
20071.0
20576.0
21006.0
21626.0
0.0
4451.0
11248.0
13274.0
13722.0
14066.0
14149.0
14460.0
14706.0
14739.0
15129.0
15467.0
15828.0
16258.0
17180.0
17491.0
18063.0
18507.0
18835.0
18916.0
19153.0
19807.0
20071.0
20576.0
21006.0
21626.0
0.0
5588.0
11923.0
13684.0
13840.0
13869.0
14326.0
14383.0
14547.0
14633.0
14659.0
15476.0
15934.0
16257.0
16536.0
18062.0
18284.0
18306.0
18504.0
18538.0
18635.0
19077.0
19088.0
19763.0
21513.0
21941.0
0.0
5588.0
11923.0
13684.0
13840.0
13869.0
14326.0
14383.0
14547.0
14633.0
14659.0
15476.0
15934.0
16257.0
16536.0
18062.0
18284.0
18325.0
18504.0
18538.0
18635.0
19077.0
19088.0
19763.0
21513.0
21941.0
0.0
4523.0
5011.0
5060.0
5180.0
6430.0
6641.0
6641.0
6753.0
7212.0
7427.0
7549.0
7784.0
8287.0
8689.0
9685.0
9860.0
12151.0
12362.0
14082.0
14316.0
14819.0
20607.0
20906.0
20988.0
21150.0
0.0
4528.0
5010.0
5093.0
5180.0
6430.0
6671.0
6754.0
7088.0
7192.0
7646.0
7788.0
7864.0
8205.0
8668.0
9619.0
10056.0
12316.0
12536.0
13896.0
14102.0
14776.0
20555.0
20929.0
20960.0
21166.0
0.0
4940.0
5093.0
5131.0
5140.0
6430.0
6621.0
6781.0
7580.0
7694.0
7807.0
8136.0
8173.0
8670.0
8689.0
9686.0
10239.0
12310.0
13908.0
14003.0
14563.0
14769.0
20497.0
20882.0
20950.0
21209.0
0.0
4700.0
5060.0
5093.0
6342.0
6430.0
6621.0
6778.0
8170.0
8218.0
8311.0
8316.0
8465.0
8670.0
9348.0
9705.0
10373.0
12256.0
13474.0
13824.0
14563.0
14614.0
20363.0
20876.0
20893.0
21257.0
0.0
4700.0
5060.0
5093.0
6430.0
6621.0
6778.0
6994.0
8186.0
8207.0
8671.0
8939.0
9440.0
9569.0
9735.0
10191.0
10588.0
12087.0
13051.0
13393.0
14529.0
14615.0
20325.0
20900.0
20915.0
21179.0
0.0
4560.0
5061.0
5093.0
6430.0
6621.0
6767.0
8177.0
8515.0
8538.0
8680.0
8802.0
9421.0
9736.0
10418.0
10629.0
11823.0
11837.0
12529.0
13156.0
14418.0
14486.0
20233.0
20825.0
20883.0
21142.0
0.0
4500.0
5071.0
5180.0
6430.0
6720.0
6740.0
8166.0
8202.0
8207.0
8613.0
8680.0
9248.0
9278.0
9693.0
10659.0
11449.0
12062.0
12267.0
12970.0
14231.0
14492.0
19981.0
20751.0
20868.0
21162.0
0.0
4440.0
5108.0
5204.0
6430.0
6690.0
6741.0
7674.0
7820.0
8088.0
8089.0
8157.0
8680.0
9292.0
9701.0
10621.0
11349.0
11942.0
12679.0
13872.0
14180.0
14485.0
17948.0
19892.0
20021.0
21165.0
0.0
4446.0
5104.0
5204.0
6550.0
6689.0
6762.0
7078.0
7571.0
7866.0
7887.0
8143.0
8621.0
9776.0
10045.0
10400.0
11024.0
11690.0
12203.0
13859.0
14160.0
14482.0
16449.0
17628.0
20476.0
20839.0
0.0
4686.0
5104.0
5204.0
6550.0
6690.0
6762.0
7290.0
7838.0
8082.0
8547.0
9768.0
10271.0
10628.0
10652.0
10869.0
11574.0
11696.0
12030.0
12536.0
13527.0
14160.0
14452.0
15710.0
16449.0
20511.0
0.0
4976.0
5103.0
5204.0
6550.0
6686.0
6806.0
7175.0
7976.0
8135.0
8547.0
8716.0
9738.0
10319.0
10490.0
10894.0
11666.0
11704.0
12816.0
13132.0
13451.0
14182.0
14388.0
16826.0
17035.0
20440.0
0.0
5100.0
5179.0
5204.0
6550.0
6613.0
6806.0
7868.0
7872.0
8547.0
8571.0
9709.0
10101.0
10160.0
10525.0
11107.0
11649.0
12380.0
13409.0
13649.0
13779.0
14187.0
14277.0
17227.0
17355.0
20323.0
0.0
5171.0
5200.0
5232.0
6550.0
6610.0
6875.0
7774.0
8354.0
8534.0
9334.0
9655.0
9710.0
10349.0
10516.0
11106.0
11443.0
12617.0
13490.0
13656.0
13656.0
14236.0
14271.0
14820.0
17816.0
20331.0
0.0
4934.0
5200.0
5307.0
6550.0
6605.0
6875.0
7661.0
8544.0
8958.0
9671.0
10172.0
10502.0
11029.0
11211.0
11332.0
12622.0
13433.0
13546.0
13555.0
14135.0
14456.0
15099.0
15501.0
17216.0
20330.0
0.0
4749.0
5200.0
5327.0
6550.0
6602.0
6875.0
7549.0
8543.0
8726.0
9076.0
10266.0
10479.0
10515.0
10759.0
11023.0
11264.0
12703.0
13515.0
14044.0
14529.0
15072.0
16461.0
18015.0
20075.0
20331.0
0.0
4639.0
5200.0
5327.0
6550.0
6603.0
6889.0
7274.0
7538.0
8553.0
8734.0
10534.0
10541.0
10791.0
10806.0
10992.0
11115.0
12655.0
13556.0
14044.0
14717.0
15294.0
16480.0
18617.0
20217.0
20319.0
0.0
4639.0
5200.0
5327.0
6550.0
6603.0
6637.0
6899.0
7492.0
8529.0
8767.0
10428.0
10542.0
10907.0
10930.0
11109.0
11207.0
12560.0
13663.0
14043.0
14565.0
15306.0
16563.0
18540.0
20318.0
20430.0
0.0
4650.0
5160.0
5200.0
6550.0
6603.0
6878.0
7330.0
7505.0
8529.0
8601.0
9896.0
10453.0
10524.0
10720.0
10935.0
11109.0
11325.0
13659.0
14044.0
14565.0
15175.0
16771.0
19100.0
20348.0
20418.0
0.0
4639.0
5160.0
5200.0
5703.0
6430.0
6602.0
6770.0
7505.0
7581.0
8314.0
8529.0
10450.0
10705.0
10752.0
10899.0
11025.0
11254.0
13576.0
13984.0
14649.0
15013.0
17027.0
18257.0
20303.0
20435.0
0.0
4823.0
5160.0
5160.0
5190.0
6550.0
6604.0
6769.0
7432.0
7486.0
8416.0
8507.0
10441.0
10618.0
10776.0
10895.0
11076.0
11442.0
12675.0
13158.0
13958.0
14620.0
17039.0
17151.0
20303.0
20438.0
0.0
5066.0
5160.0
5160.0
5268.0
6604.0
6770.0
6900.0
7229.0
7396.0
8163.0
8462.0
9259.0
10450.0
10824.0
10836.0
10865.0
11076.0
11623.0
12638.0
13859.0
14566.0
18407.0
19139.0
20256.0
20351.0
0.0
5029.0
5100.0
5160.0
5220.0
5722.0
6602.0
6783.0
7338.0
7559.0
7604.0
8462.0
10224.0
10450.0
10782.0
10865.0
11062.0
11127.0
11653.0
12424.0
12638.0
14094.0
18868.0
19971.0
19995.0
20540.0
0.0
4633.0
5100.0
5160.0
5310.0
6602.0
6711.0
6772.0
7233.0
8384.0
8462.0
8550.0
8650.0
9539.0
10450.0
10722.0
10852.0
11026.0
11645.0
11706.0
11860.0
12638.0
18825.0
19889.0
19934.0
20812.0
0.0
4916.0
5160.0
5172.0
5391.0
6233.0
6602.0
6769.0
6927.0
7134.0
8237.0
8464.0
8971.0
9511.0
10338.0
10559.0
10874.0
11102.0
11106.0
11848.0
12896.0
12987.0
19058.0
19936.0
20383.0
20910.0
0.0
5100.0
5172.0
5470.0
5535.0
5579.0
6562.0
6578.0
6769.0
7098.0
7313.0
8324.0
8410.0
8750.0
9511.0
10363.0
11180.0
11275.0
11398.0
11988.0
12706.0
14184.0
19220.0
19890.0
20760.0
20822.0
0.0
5070.0
5180.0
5252.0
5341.0
5470.0
6238.0
6578.0
6580.0
6708.0
7087.0
7439.0
7651.0
8388.0
9471.0
9691.0
11302.0
11448.0
11721.0
12105.0
12561.0
14639.0
19399.0
19950.0
20830.0
20876.0
0.0
5010.0
5048.0
5198.0
5404.0
5610.0
6553.0
6578.0
6687.0
6883.0
6892.0
7015.0
7647.0
8350.0
8547.0
9447.0
10343.0
11788.0
11821.0
11928.0
12347.0
14782.0
19561.0
19988.0
20849.0
20861.0
0.0
4740.0
4978.0
5206.0
5410.0
5566.0
5920.0
6233.0
6578.0
6667.0
6777.0
6996.0
7544.0
7918.0
8320.0
9447.0
10347.0
11829.0
11928.0
12024.0
12347.0
14639.0
19518.0
20036.0
20741.0
20850.0
0.0
4740.0
5010.0
5225.0
5556.0
5617.0
5640.0
5800.0
5920.0
5990.0
6199.0
6687.0
6987.0
7616.0
7983.0
9429.0
9448.0
11829.0
12103.0
12196.0
12347.0
14756.0
19475.0
20058.0
20636.0
20710.0
0.0
4077.0
5010.0
5207.0
5225.0
5234.0
5598.0
5671.0
5913.0
5980.0
6064.0
6467.0
6700.0
6912.0
8199.0
8843.0
9448.0
11826.0
12112.0
12307.0
12347.0
14795.0
19518.0
20045.0
20366.0
20670.0
0.0
4732.0
5010.0
5153.0
5232.0
5564.0
5746.0
5962.0
6063.0
6284.0
6625.0
6654.0
6852.0
7757.0
9448.0
9708.0
10000.0
11823.0
12078.0
12390.0
12470.0
14795.0
19313.0
20045.0
20082.0
20680.0
0.0
4888.0
5010.0
5181.0
5231.0
5490.0
5564.0
5625.0
5760.0
6296.0
6595.0
6689.0
6738.0
6780.0
9454.0
10768.0
11333.0
11760.0
12079.0
12386.0
12688.0
14790.0
18250.0
19892.0
20038.0
20677.0
0.0
4903.0
5010.0
5232.0
5476.0
5634.0
5759.0
5801.0
6389.0
6471.0
6528.0
6640.0
6679.0
6734.0
9473.0
10228.0
10969.0
11760.0
12389.0
12788.0
12804.0
14790.0
16141.0
19191.0
20022.0
20668.0
0.0
4978.0
5091.0
5232.0
5613.0
5760.0
5970.0
6182.0
6495.0
6670.0
7043.0
7172.0
7424.0
7640.0
8835.0
9473.0
11137.0
11760.0
12262.0
12384.0
12805.0
14790.0
15584.0
16111.0
19937.0
20030.0
0.0
4978.0
5234.0
5758.0
5911.0
6216.0
6574.0
6579.0
7053.0
7280.0
7406.0
8058.0
9044.0
9145.0
9445.0
9884.0
11378.0
11732.0
12004.0
12353.0
12819.0
14783.0
15545.0
16141.0
18500.0
19869.0
0.0
4978.0
5232.0
5690.0
5986.0
6454.0
6632.0
6765.0
7017.0
7083.0
7851.0
8228.0
8510.0
8952.0
10594.0
11460.0
11474.0
11691.0
12287.0
12805.0
13505.0
14585.0
15359.0
18488.0
18607.0
19741.0
0.0
4978.0
5232.0
5727.0
6050.0
6051.0
6632.0
6839.0
7104.0
7670.0
7998.0
8228.0
8952.0
10723.0
11457.0
11474.0
11691.0
12048.0
12287.0
12886.0
13837.0
14560.0
15313.0
15793.0
17303.0
19741.0
0.0
4978.0
5232.0
5727.0
5981.0
6630.0
6730.0
6798.0
6852.0
7094.0
8228.0
8952.0
10770.0
10832.0
11458.0
11474.0
11691.0
12287.0
12491.0
12927.0
13807.0
14077.0
14498.0
15480.0
15877.0
19741.0
0.0
4978.0
5240.0
5738.0
5739.0
6545.0
6605.0
6839.0
7094.0
7135.0
8330.0
9004.0
10824.0
11121.0
11472.0
11882.0
11957.0
12430.0
12760.0
13018.0
14141.0
14269.0
15063.0
15630.0
19218.0
19741.0
0.0
4978.0
5245.0
5721.0
5795.0
6534.0
6545.0
6779.0
7094.0
7843.0
8004.0
8370.0
8928.0
10786.0
11473.0
12317.0
12429.0
12523.0
12893.0
13067.0
14124.0
14428.0
15085.0
16052.0
19741.0
19996.0
0.0
4978.0
5241.0
5739.0
5794.0
6500.0
6545.0
6784.0
7080.0
8207.0
8444.0
8821.0
10733.0
11473.0
12649.0
12735.0
12885.0
13059.0
13498.0
14240.0
14536.0
14544.0
14807.0
18169.0
19962.0
20316.0
0.0
4978.0
5348.0
5768.0
5854.0
6422.0
6545.0
6805.0
7070.0
8483.0
8767.0
10200.0
10662.0
11472.0
12796.0
12997.0
13069.0
13504.0
13991.0
14532.0
14748.0
15297.0
15870.0
20047.0
20156.0
20327.0
0.0
4978.0
5403.0
5790.0
5791.0
5960.0
6404.0
6810.0
7070.0
8510.0
8888.0
10343.0
10602.0
11472.0
12761.0
13062.0
13234.0
13621.0
13998.0
14028.0
14759.0
14894.0
17458.0
20044.0
20115.0
20227.0
0.0
4743.0
5347.0
5781.0
5812.0
6066.0
6404.0
6810.0
7068.0
8510.0
9560.0
10156.0
10495.0
11497.0
11909.0
12560.0
13068.0
13257.0
13551.0
13677.0
14731.0
15037.0
18763.0
20037.0
20157.0
20187.0
0.0
5359.0
5409.0
5757.0
6404.0
6805.0
7051.0
7808.0
7938.0
8510.0
9545.0
9551.0
10018.0
10115.0
11478.0
13058.0
13186.0
13247.0
13551.0
13997.0
14640.0
15302.0
18893.0
19962.0
20157.0
20163.0
0.0
5188.0
5390.0
5771.0
6489.0
6900.0
6982.0
7565.0
8004.0
9268.0
9482.0
9730.0
10222.0
10598.0
11381.0
11713.0
13038.0
13448.0
13455.0
13994.0
14820.0
16214.0
19430.0
19962.0
20131.0
20383.0
0.0
5390.0
5758.0
6344.0
6587.0
6696.0
6712.0
8648.0
8752.0
8914.0
9482.0
9574.0
10835.0
11361.0
12016.0
12833.0
13025.0
13153.0
13608.0
13707.0
14255.0
16318.0
19808.0
19933.0
20056.0
20142.0
0.0
5390.0
5500.0
5781.0
6574.0
6732.0
7089.0
7868.0
8614.0
8738.0
9514.0
9561.0
9800.0
9915.0
11603.0
12883.0
13035.0
13659.0
13963.0
14255.0
14425.0
16445.0
19817.0
19940.0
20075.0
20121.0
0.0
5390.0
5663.0
5663.0
5782.0
6570.0
6772.0
7003.0
7444.0
8231.0
8334.0
9189.0
9539.0
10722.0
11385.0
12526.0
13102.0
13792.0
14092.0
14578.0
15257.0
16551.0
19938.0
20047.0
20080.0
20391.0
0.0
4905.0
5378.0
5751.0
5782.0
6060.0
6137.0
6222.0
6570.0
8568.0
8808.0
9437.0
9502.0
10912.0
11587.0
12422.0
13096.0
13852.0
14135.0
14556.0
15211.0
16610.0
19862.0
20065.0
20187.0
20732.0
0.0
4905.0
5410.0
5806.0
5821.0
5987.0
6039.0
6550.0
7245.0
8568.0
8591.0
9091.0
9556.0
10628.0
11437.0
12295.0
13100.0
13850.0
14135.0
14556.0
15211.0
16676.0
19835.0
20259.0
20320.0
20744.0
0.0
4905.0
5418.0
5753.0
5839.0
5989.0
6265.0
6520.0
7450.0
8024.0
8570.0
9325.0
9505.0
10165.0
11595.0
12082.0
13090.0
13784.0
14135.0
14562.0
15211.0
16713.0
19713.0
20348.0
20499.0
20756.0
0.0
4905.0
5415.0
5774.0
5869.0
5971.0
6287.0
6535.0
7426.0
7554.0
8623.0
9435.0
9857.0
11593.0
11642.0
11974.0
13132.0
13784.0
14135.0
14489.0
15212.0
16713.0
19675.0
20425.0
20515.0
20805.0
0.0
4858.0
5415.0
5770.0
5852.0
5869.0
5935.0
6535.0
7198.0
7314.0
8632.0
9435.0
9741.0
10898.0
11681.0
11818.0
13138.0
13781.0
14135.0
14503.0
15204.0
16713.0
19560.0
20419.0
20504.0
20794.0
0.0
4858.0
5415.0
5799.0
5861.0
5903.0
6534.0
6862.0
7209.0
7215.0
8632.0
9402.0
9700.0
11405.0
11712.0
11721.0
13139.0
13808.0
14225.0
14503.0
15204.0
16750.0
19503.0
20394.0
20519.0
20804.0
0.0
4858.0
5492.0
5828.0
5870.0
5871.0
6545.0
6851.0
6971.0
7257.0
8609.0
9402.0
9607.0
11434.0
11524.0
11715.0
13134.0
13839.0
14277.0
14614.0
15220.0
16750.0
19440.0
20400.0
20547.0
20785.0
0.0
4858.0
5474.0
5797.0
5871.0
5897.0
6545.0
6693.0
7034.0
7272.0
8609.0
9402.0
9570.0
11386.0
11570.0
11768.0
13135.0
13880.0
14371.0
14613.0
15220.0
16750.0
19376.0
20400.0
20552.0
20817.0
0.0
4858.0
5498.0
5770.0
5873.0
5894.0
6492.0
6545.0
7052.0
7289.0
8610.0
9386.0
9548.0
11295.0
11585.0
11874.0
13107.0
13941.0
14371.0
14615.0
15219.0
16776.0
19343.0
20313.0
20522.0
20762.0
0.0
4858.0
5498.0
5710.0
5862.0
5890.0
6385.0
6545.0
7114.0
7287.0
8632.0
9386.0
9518.0
11081.0
11697.0
11899.0
13124.0
13998.0
14371.0
14857.0
15219.0
16849.0
19274.0
20254.0
20539.0
20739.0
0.0
4858.0
5498.0
5679.0
5862.0
5890.0
6311.0
6545.0
7132.0
7289.0
8633.0
9386.0
9518.0
11081.0
11703.0
11900.0
13109.0
14064.0
14371.0
14857.0
15219.0
16866.0
19238.0
20131.0
20509.0
20697.0
0.0
4858.0
5498.0
5681.0
5863.0
5892.0
6333.0
6545.0
7132.0
7289.0
8633.0
9386.0
9516.0
11094.0
11703.0
11903.0
13102.0
14129.0
14666.0
15114.0
15219.0
17005.0
19251.0
19948.0
20505.0
20590.0
0.0
4858.0
5536.0
5679.0
5867.0
5938.0
6367.0
6545.0
7132.0
7271.0
8630.0
9386.0
9521.0
11127.0
11703.0
11908.0
13133.0
14178.0
14733.0
15220.0
15227.0
17099.0
19303.0
19830.0
20581.0
20591.0
0.0
4858.0
5536.0
5679.0
5867.0
5937.0
6392.0
6545.0
7132.0
7271.0
8630.0
9386.0
9530.0
11142.0
11703.0
11905.0
13133.0
14236.0
14921.0
15220.0
15227.0
17199.0
19317.0
19537.0
20405.0
20524.0
0.0
4858.0
5536.0
5678.0
5865.0
5933.0
6415.0
6513.0
7132.0
7268.0
8630.0
9386.0
9546.0
11191.0
11703.0
11908.0
13131.0
14236.0
14853.0
15220.0
15232.0
17161.0
19297.0
19795.0
20660.0
20698.0
0.0
4858.0
5536.0
5671.0
5865.0
5897.0
6457.0
6509.0
7164.0
7270.0
8630.0
9386.0
9559.0
11219.0
11703.0
11908.0
13133.0
14238.0
14834.0
15140.0
15220.0
17109.0
19299.0
19825.0
20564.0
20600.0
0.0
4858.0
5536.0
5671.0
5865.0
5900.0
6470.0
6513.0
7164.0
7270.0
8630.0
9386.0
9559.0
11276.0
11703.0
11905.0
13133.0
14238.0
14735.0
15140.0
15220.0
17071.0
19299.0
19868.0
20559.0
20601.0
0.0
4858.0
5409.0
5672.0
5865.0
5895.0
6513.0
6538.0
7164.0
7270.0
8630.0
9386.0
9582.0
11300.0
11703.0
11911.0
13133.0
14224.0
14692.0
15025.0
15221.0
17052.0
19299.0
20013.0
20615.0
20694.0
0.0
4858.0
5409.0
5672.0
5865.0
5894.0
6513.0
6565.0
7164.0
7268.0
8630.0
9386.0
9583.0
11296.0
11703.0
11910.0
13133.0
14144.0
14686.0
15022.0
15221.0
17008.0
19299.0
20106.0
20629.0
20645.0
0.0
4858.0
5404.0
5672.0
5867.0
5890.0
6513.0
6561.0
7122.0
7268.0
8630.0
9390.0
9597.0
11296.0
11697.0
11909.0
12942.0
14101.0
14581.0
14794.0
15221.0
16952.0
19297.0
20301.0
20621.0
20819.0
0.0
4858.0
5347.0
5672.0
5867.0
5888.0
6513.0
6561.0
7110.0
7268.0
8630.0
9390.0
9583.0
11296.0
11703.0
11952.0
12801.0
14022.0
14540.0
14780.0
15221.0
16948.0
19276.0
20259.0
20660.0
20843.0
0.0
4858.0
5344.0
5672.0
5867.0
5892.0
6513.0
6565.0
7078.0
7268.0
8630.0
9390.0
9581.0
11188.0
11296.0
11952.0
12538.0
13975.0
14490.0
14793.0
15221.0
16949.0
19246.0
20265.0
20621.0
20814.0
0.0
4858.0
5342.0
5672.0
5850.0
5892.0
6513.0
6569.0
7137.0
7361.0
8630.0
9373.0
9581.0
11178.0
11308.0
12037.0
12368.0
13929.0
14490.0
14793.0
15211.0
16945.0
19213.0
20333.0
20621.0
20867.0
0.0
4858.0
5342.0
5672.0
5794.0
5850.0
6492.0
6513.0
6556.0
7710.0
8203.0
9373.0
9581.0
10956.0
11066.0
11308.0
12004.0
13883.0
14490.0
14793.0
15264.0
16944.0
19115.0
20186.0
20621.0
20817.0
0.0
4858.0
5342.0
5672.0
5765.0
5794.0
5850.0
6231.0
6513.0
6659.0
7697.0
8728.0
9373.0
9601.0
10446.0
10629.0
11402.0
13884.0
14371.0
14490.0
14794.0
16927.0
19115.0
20212.0
20668.0
20767.0
0.0
4508.0
4858.0
5254.0
5672.0
5850.0
6478.0
6513.0
6770.0
6774.0
7308.0
7515.0
9095.0
9373.0
9618.0
10235.0
10316.0
11424.0
13884.0
14490.0
14793.0
16937.0
19105.0
20227.0
20646.0
20837.0
0.0
4858.0
5210.0
5644.0
5724.0
6038.0
6144.0
6405.0
6513.0
6715.0
6844.0
7017.0
7296.0
7375.0
8708.0
9020.0
9348.0
11424.0
13884.0
14490.0
14789.0
16824.0
19011.0
20254.0
20511.0
20837.0
0.0
4858.0
5134.0
5159.0
5628.0
5724.0
6061.0
6513.0
6862.0
6919.0
7284.0
8433.0
8471.0
8917.0
9263.0
9307.0
9531.0
11425.0
13821.0
14479.0
14693.0
16629.0
18708.0
20254.0
20520.0
20837.0
0.0
4612.0
4751.0
4858.0
5041.0
5724.0
6513.0
6933.0
6953.0
7200.0
7328.0
7592.0
8472.0
8691.0
9124.0
9308.0
9340.0
11432.0
13656.0
14088.0
14350.0
16379.0
18016.0
19782.0
20576.0
20971.0
0.0
4858.0
5158.0
5462.0
5857.0
6513.0
6562.0
6933.0
7200.0
7212.0
7821.0
8511.0
9185.0
9299.0
9971.0
10676.0
11558.0
12476.0
13598.0
14081.0
14338.0
15898.0
16401.0
16725.0
19803.0
20408.0
0.0
4369.0
4858.0
5146.0
5935.0
6513.0
6588.0
6933.0
7188.0
7414.0
7514.0
7635.0
8521.0
9156.0
9299.0
10662.0
11443.0
11481.0
11660.0
12997.0
14010.0
14421.0
14637.0
16448.0
17684.0
20193.0
0.0
4400.0
4858.0
5164.0
5304.0
5935.0
6513.0
6905.0
7058.0
7179.0
7936.0
8542.0
8580.0
8581.0
8756.0
9356.0
10654.0
10682.0
10715.0
11331.0
11575.0
12772.0
14870.0
14971.0
17839.0
20376.0
0.0
4677.0
4858.0
5319.0
5322.0
5932.0
6513.0
6670.0
6917.0
6943.0
7028.0
8581.0
9052.0
9102.0
9356.0
9361.0
9371.0
10300.0
10700.0
10792.0
11154.0
12859.0
14671.0
14989.0
17732.0
19027.0
0.0
4824.0
4858.0
5319.0
5400.0
5883.0
6513.0
6745.0
6933.0
7026.0
8032.0
8581.0
9183.0
9309.0
9317.0
9942.0
10661.0
10817.0
11045.0
11892.0
12135.0
12509.0
12855.0
14977.0
17555.0
18734.0
0.0
4760.0
4858.0
5322.0
5400.0
5958.0
6512.0
6928.0
6934.0
7036.0
8254.0
8519.0
9320.0
9420.0
10324.0
10399.0
10651.0
10819.0
11017.0
11233.0
11266.0
12852.0
13573.0
14393.0
16661.0
19170.0
0.0
4567.0
4858.0
5322.0
5400.0
5962.0
6077.0
6513.0
6928.0
6934.0
8522.0
8890.0
9320.0
9439.0
10394.0
10601.0
10814.0
11341.0
11450.0
12021.0
12768.0
12853.0
14074.0
14512.0
17784.0
18914.0
0.0
4559.0
4858.0
5250.0
5792.0
5999.0
6513.0
6911.0
6959.0
8522.0
9029.0
9320.0
9770.0
9920.0
10707.0
10827.0
11166.0
11815.0
11860.0
11938.0
12008.0
12813.0
12823.0
14689.0
14719.0
18620.0
0.0
4858.0
5250.0
5250.0
5999.0
6707.0
6721.0
6831.0
6864.0
6956.0
7290.0
7645.0
8362.0
8522.0
8548.0
9320.0
10019.0
10714.0
10798.0
11658.0
11711.0
12798.0
12914.0
13155.0
13720.0
19087.0
0.0
4858.0
5250.0
5329.0
5634.0
5999.0
6489.0
6578.0
6694.0
6738.0
6774.0
7671.0
7843.0
8522.0
9009.0
9331.0
9378.0
11028.0
11866.0
11881.0
12357.0
13405.0
13755.0
13984.0
17930.0
19194.0
0.0
4290.0
4614.0
4858.0
5227.0
5398.0
5946.0
5999.0
6420.0
6547.0
6737.0
7512.0
7793.0
8128.0
8483.0
9340.0
9382.0
11906.0
12233.0
12347.0
12645.0
14876.0
15482.0
19319.0
20001.0
20543.0
0.0
4213.0
4858.0
4922.0
5164.0
5327.0
5398.0
5501.0
5874.0
6273.0
6411.0
6553.0
6766.0
7361.0
8184.0
9426.0
9732.0
11981.0
12268.0
12387.0
12767.0
15233.0
19002.0
19501.0
20538.0
20767.0
0.0
4678.0
4858.0
5344.0
5360.0
5670.0
5750.0
5823.0
6278.0
6479.0
6548.0
6792.0
7560.0
8412.0
9215.0
9266.0
9432.0
12027.0
12265.0
12387.0
12824.0
15418.0
19627.0
19848.0
20811.0
21082.0
0.0
4858.0
5336.0
5361.0
5482.0
5575.0
5577.0
5750.0
6148.0
6344.0
6548.0
7243.0
9390.0
9483.0
10959.0
11588.0
12055.0
12265.0
12367.0
12532.0
12828.0
15418.0
19677.0
20539.0
20775.0
21087.0
0.0
4858.0
5083.0
5382.0
5694.0
5850.0
6191.0
6265.0
6410.0
6605.0
6960.0
9143.0
9367.0
9528.0
11146.0
12053.0
12274.0
12367.0
12528.0
12997.0
15280.0
15418.0
19681.0
20573.0
20843.0
21112.0
0.0
4858.0
5064.0
5376.0
5580.0
5703.0
5940.0
6197.0
6464.0
6599.0
9143.0
9528.0
10257.0
11027.0
11208.0
12027.0
12076.0
12229.0
12538.0
13127.0
15280.0
15397.0
19679.0
20529.0
20892.0
21062.0
0.0
4858.0
5097.0
5104.0
5376.0
5701.0
5960.0
6210.0
6590.0
8461.0
9248.0
9538.0
10952.0
11086.0
11175.0
12035.0
12073.0
12215.0
12538.0
13124.0
15209.0
15400.0
19715.0
20476.0
20889.0
21108.0
0.0
4858.0
5376.0
5703.0
5752.0
5904.0
6210.0
6590.0
6621.0
8461.0
9297.0
9538.0
11160.0
11200.0
11357.0
12012.0
12073.0
12098.0
12538.0
13127.0
15099.0
15396.0
19711.0
20468.0
20880.0
21106.0
0.0
4919.0
5376.0
5793.0
5904.0
6210.0
6590.0
6670.0
6833.0
8437.0
9383.0
9548.0
11284.0
11323.0
11477.0
12091.0
12095.0
12239.0
12543.0
13323.0
15089.0
15396.0
19711.0
20541.0
20872.0
21136.0
0.0
4896.0
5376.0
5865.0
5904.0
6210.0
6590.0
6772.0
7016.0
8437.0
9477.0
9548.0
11506.0
11543.0
11713.0
12165.0
12331.0
12336.0
12619.0
13302.0
15058.0
15396.0
19748.0
20487.0
20872.0
21099.0
0.0
4919.0
5376.0
5910.0
5928.0
6210.0
6590.0
6820.0
7070.0
8437.0
9548.0
9563.0
11538.0
11712.0
11803.0
12232.0
12333.0
12336.0
12624.0
13330.0
15038.0
15396.0
19748.0
20503.0
20814.0
21099.0
0.0
4919.0
5376.0
5889.0
5922.0
6209.0
6621.0
6944.0
7142.0
8478.0
9554.0
9556.0
11421.0
11712.0
11860.0
12298.0
12417.0
12486.0
12624.0
13324.0
15184.0
15426.0
19748.0
20513.0
20832.0
21105.0
0.0
4919.0
5384.0
5930.0
5942.0
6209.0
6612.0
7112.0
7270.0
8521.0
9278.0
9556.0
11288.0
11742.0
11865.0
12375.0
12486.0
12496.0
12620.0
13332.0
15337.0
15507.0
19710.0
20512.0
20848.0
21101.0
0.0
4919.0
5384.0
5925.0
5934.0
6203.0
6621.0
7254.0
7270.0
8739.0
9129.0
9556.0
11148.0
11745.0
11923.0
12412.0
12486.0
12583.0
12620.0
13332.0
15359.0
15527.0
19710.0
20535.0
20765.0
21043.0
0.0
4919.0
5398.0
5942.0
5986.0
6203.0
6629.0
7270.0
7287.0
8739.0
8875.0
9552.0
10896.0
11750.0
11931.0
12405.0
12547.0
12565.0
12583.0
13348.0
15359.0
15620.0
19656.0
20534.0
20789.0
21067.0
0.0
4919.0
5398.0
5942.0
5975.0
6203.0
6628.0
7270.0
7287.0
8704.0
8739.0
9492.0
10769.0
11747.0
11930.0
12339.0
12460.0
12547.0
12583.0
13342.0
15359.0
15611.0
19655.0
20533.0
20765.0
21068.0
0.0
4919.0
5388.0
5932.0
5981.0
6203.0
6628.0
7270.0
7287.0
8598.0
8739.0
9495.0
10682.0
11747.0
11950.0
12456.0
12460.0
12699.0
12731.0
13340.0
15309.0
15710.0
19648.0
20592.0
20669.0
21039.0
